<?xml version="1.0"?>
<opencv_storage>
<charactergroups type_id="opencv-matrix">
  <rows>120</rows>
  <cols>1</cols>
  <dt>i</dt>
  <data>
    84 80 77 69 68 66 65 89 88 79 78 75 72 67 57 56 55 54 53 51 50 48 52
    49 80 77 68 66 65 89 88 84 79 78 75 72 69 67 52 49 57 56 55 54 53 51
    50 48 89 88 84 80 79 78 77 75 72 69 68 67 66 65 57 56 55 54 53 52 51
    50 49 48 89 88 84 80 78 77 75 72 69 68 66 65 79 67 55 51 50 49 57 56
    54 53 52 48 80 77 68 66 65 89 88 84 79 78 75 72 69 67 55 53 52 57 56
    54 51 50 49 48</data></charactergroups>
</opencv_storage>
